00000100010000110000000000011010
00000100010001000000000000000100
00000100010001010000000001001110
00011100111001100000000000000000
00000000000000010000000000010000
00000000000001100000000000010000
00010100000010000000000000000011
00011000000010010000000000011101
00000001000010010000000000010000
00100000111000000000000000000000
00000000000000010000100000010000
00011101011010100000000000011010
00000000001010100110000000010000
00001100001011010000000000011111
00000100010011100000000000100000
00000001110011010111000000010001
00010101100010000000000000000001
00001001101011010000000000000001
00101100010011011111111111111101
00011001100010010000000000000001
00001001110011100000000000000001
00101100010011101111111111111101
00000001000010010000100000010000
00100001011000010000000000011010
00000100111001110000000000000001
00000101011010110000000000000001
00101100111000110000000000000001
00000000111001110011100000010001
00101101011001000000000000000001
00000001011010110101100000010001
00000101111011110000000000000001
00101101111001011111111111100011