00000100010000110000000000001100
00010100011001000000000000000001
00000100100001010000000000000001
00011100101001100000000000000000
00000000001001100000100000010001
00001100000001110000000000011111
00000100010010000000000000100000
00000001000001110100100000010001
00011000001010100000000000000001
00001000111001110000000000000001
00101100010001111111111111111101
00010100001010110000000000000001
00001001001010010000000000000001
00101100010010011111111111111101
00000001010010110000100000010000
00000000000000010101000000010011
00000000000000010101100000010010
00000001010010110000100000010001
00011100100001100000000000000000
00000000000001100000000000010001
00001100001001110000000000011111
00000001000001110100100000010001
00011000000010100000000000000001
00001000111001110000000000000001
00101100010001111111111111111101
00010100000010110000000000000001
00001001001010010000000000000001
00101100010010011111111111111101
00000001010010110000000000010000
00000000000000010101000000010011
00000000000000010101100000010010
00000001010010110000000000010001
00001000011000110000000000000001
00101100010000110000000000011111
00011100010001100000000000000001
00000000001001100000100000010001
00011100010001100000000000000000
00000000000001100000000000010001