00000100010000110000000000001100
00011100010001000000000000000000
00000000000001000000000000010000
00011100010001000000000000000001
00000000001001000000100000010000
00000000000000010010100000010011
00000000000000010011000000010010
00000000101001100010100000010001
00001100001001100000000000011111
00000100010001110000000000100000
00000000111001100100000000010001
00010100101010010000000000000001
00001000110001100000000000000001
00101100010001101111111111111101
00011000101001100000000000000001
00001001000010000000000000000001
00101100010010001111111111111101
00000000110010010010100000010000
00000101010010100000000000000001
00010101010010110000000000000001
00011101011001000000000000000000
00000000101001000000000000010000
00000000000000010010100000010011
00000000000000010011000000010010
00000000101001100010100000010001
00001100000001100000000000011111
00000000111001100100000000010001
00010100101010010000000000000001
00001000110001100000000000000001
00101100010001101111111111111101
00011000101001100000000000000001
00001001000010000000000000000001
00101100010010001111111111111101
00000000110010010010100000010000
00000101011010110000000000000001
00011101011001000000000000000000
00000000101001000000100000010000
00101101010000110000000000011111
